0.8
19.8
20.0
21.2
24.0
22.4
22.4
23.8
24.6
25.6
23.4
21.8
23.0
23.6
25.2
26.8
29.4
29.8
29.4
29.8
29.2
29.6
29.8
31.8
33.4
1.17
1.0
1.22
1.62
1.34
1.41
1.71
1.77
1.66
2.0
31.6
26.2
20.0
20.0
20.0
20.0
19.4
27.4
24.4
31.4
31.2
25.6
24.4
29.6
26.6
34.4
26.0
27.2
29.2
31.8
27.6
35.8
37.2
30.8
37.8
1.65
1.65
1.74
1.78
1.53
1.58
1.83
1.67
1.74
1.69
0.0
19.8
26.4
19.6
22.8
19.6
30.0
26.0
27.0
28.0
36.4
26.2
35.6
38.4
34.6
41.4
40.8
38.8
41.0
33.0
41.2
40.6
39.4
39.2
42.0
1.68
1.65
1.73
2.0
2.27
2.75
2.46
2.1
1.97
2.45
0.2
0.8
22.0
22.4
21.4
20.6
18.2
21.6
19.6
20.4
20.2
23.4
19.8
23.0
24.0
26.2
25.6
22.4
21.8
27.6
25.8
26.4
24.2
26.8
28.8
1.16
1.01
1.05
1.9
1.14
1.52
2.21
1.73
1.27
1.76
0.6
18.2
27.6
35.0
20.0
25.6
34.8
45.4
44.6
43.4
40.4
41.6
43.0
40.2
46.4
40.2
43.2
40.8
47.0
46.2
1.57
1.69
1.67
1.0
1.77
1.6
2.28
2.06
2.29
2.44
37.2
44.0
44.6
46.2
44.8
0.0
0.4
1.0
2.0
22.2
23.6
23.4
27.0
27.2
24.2
20.4
20.8
27.4
27.0
25.2
26.4
24.8
22.0
20.4
20.0
27.8
27.8
27.8
27.2
25.2
0.94
1.37
1.03
1.34
1.73
1.53
1.42
1.7
1.71
1.76
0.0
0.0
1.0
2.2
21.4
21.0
20.0
20.0
21.0
19.4
20.2
19.2
18.4
20.0
29.0
20.8
21.0
21.8
23.4
23.0
19.4
20.6
23.6
21.8
28.6
1.79
1.03
1.5
1.48
2.08
1.88
1.44
1.7
1.77
2.2
0.0
0.6
35.0
33.4
37.2
28.8
35.0
20.0
29.2
29.0
37.4
36.2
33.4
36.2
33.2
28.4
41.2
35.2
36.0
39.8
1.81
1.47
1.56
1.32
1.62
1.12
1.55
1.42
1.6
2.18
27.2
26.8
24.2
30.6
22.0
0.0
0.0
2.0
3.8
24.8
24.4
21.2
22.0
25.0
23.8
28.0
26.4
22.8
26.6
26.6
28.4
28.4
22.6
18.6
27.4
26.4
28.0
28.0
26.8
28.6
1.85
1.19
1.11
1.54
2.12
1.92
1.77
2.67
2.7
2.68
0.0
0.0
0.4
25.8
29.0
31.2
34.4
31.8
29.6
36.0
30.2
25.6
33.8
32.6
31.2
28.6
33.2
35.8
31.8
33.4
1.68
1.87
2.01
2.35
3.43
3.27
2.93
3.3
4.15
4.48
38.0
33.8
32.2
33.4
35.2
0.0
0.0
2.0
2.4
2.6
23.0
22.8
22.8
22.4
25.8
25.6
26.4
20.6
18.6
20.4
23.4
23.6
21.0
23.0
24.4
28.2
28.2
27.4
30.2
31.0
1.78
1.38
1.81
2.46
2.03
2.24
2.68
2.43
3.03
3.06
0.0
0.0
1.4
2.0
3.0
22.6
23.0
22.6
20.0
20.6
20.4
24.4
21.8
20.0
19.4
20.2
20.6
19.8
20.2
20.2
22.0
22.6
23.6
25.4
20.0
1.48
1.58
1.76
2.59
2.04
1.93
2.86
2.57
3.45
3.98
0.0
0.2
14.8
29.8
24.4
28.2
22.4
25.2
20.0
27.4
34.4
33.4
29.4
30.0
30.2
28.4
24.8
31.4
30.6
30.6
32.4
24.2
29.6
31.2
29.6
1.65
1.47
2.46
2.16
2.66
3.07
3.72
4.01
4.44
4.39
0.0
0.0
0.0
17.0
23.6
24.2
28.6
28.4
27.6
25.6
29.6
28.2
30.8
29.0
35.0
31.2
31.6
33.0
32.2
31.6
28.6
30.2
33.4
24.8
28.0
1.28
1.36
1.28
1.63
1.66
1.52
1.32
1.72
2.07
1.9
0.0
0.0
0.0
0.0
2.4
20.8
21.0
21.0
22.4
19.6
20.0
20.0
20.4
21.6
21.0
21.6
20.4
20.0
20.0
19.0
18.0
19.4
20.6
21.8
18.6
1.55
1.49
1.43
1.65
2.43
1.93
2.16
2.27
3.62
3.39
0.0
0.0
7.6
26.6
18.6
22.6
19.8
22.6
21.8
25.6
27.0
29.0
25.6
29.0
23.8
29.6
30.0
27.8
26.0
30.6
29.6
31.6
30.2
32.4
29.6
1.91
1.75
1.77
1.67
2.41
1.37
2.09
1.91
2.31
1.9
0.0
0.0
0.8
4.6
7.0
20.0
27.4
23.2
22.6
25.0
23.4
25.8
23.4
24.2
24.2
28.2
26.0
20.0
26.2
28.6
27.8
28.4
27.8
28.4
28.4
2.07
1.47
1.58
1.62
1.82
1.56
2.87
2.47
2.97
3.4
0.0
0.0
8.2
34.8
34.6
32.0
34.8
33.8
35.8
34.0
38.0
29.8
31.4
28.6
21.8
30.0
29.2
31.0
32.2
34.6
1.34
1.61
1.53
1.43
1.7
1.45
1.18
1.82
1.8
2.45
28.6
28.8
32.2
33.0
33.6
0.0
0.0
0.0
0.0
2.0
21.0
23.4
24.0
24.2
25.8
25.0
24.0
23.4
20.2
19.0
25.8
25.6
23.6
23.4
23.6
27.0
25.4
25.8
26.0
26.4
1.93
1.76
1.94
1.44
1.55
1.9
2.02
2.13
2.13
2.6
0.0
0.0
22.0
20.8
23.6
20.0
35.2
20.2
29.6
31.0
34.8
35.8
31.6
37.2
34.6
40.4
29.6
42.4
35.8
34.8
1.48
1.1
1.0
1.51
1.39
1.47
1.17
1.82
1.01
1.68
20.0
32.2
32.6
28.6
38.0
